-0.052496
-0.056339
-0.055314
-0.05687
-0.05807
-0.058719
-0.065575
-0.069361
-0.071133
-0.090703
-0.095061
-0.094685
-0.10816
-0.11701
-0.119034
-0.121543
-0.128044
-0.128507
-0.123511
-0.130872
-0.129986
-0.124644
-0.127529
-0.129368
-0.121466
-0.126164
-0.128116
-0.119565
-0.124464
-0.126334
-0.117623
-0.122197
-0.123562
-0.113672
-0.12163
-0.122702
-0.112029
-0.12025
-0.123382
-0.111344
-0.117607
-0.121734
-0.107995
-0.114424
-0.120853
-0.108598
-0.116773
-0.119956
-0.104997
-0.113177
-0.117927
-0.106197
-0.113306
-0.118921
-0.104451
-0.110576
-0.116804
-0.104111
-0.10934
-0.116366
-0.101912
-0.109515
-0.115418
-0.101484
-0.108186
-0.114048
-0.099805
-0.109407
-0.115295
-0.098311
-0.107655
-0.113013
-0.097054
-0.107181
-0.114202
-0.099212
-0.109422
-0.112662
-0.097734
-0.107042
-0.113687
-0.097868
-0.107485
-0.109463
-0.098733
-0.107161
-0.109386
-0.096776
-0.105286
-0.113059
-0.096436
-0.107197
-0.110561
-0.09829
-0.104987
-0.11019
-0.097358
-0.105914
-0.110051
-0.097816
-0.106218
-0.109927
-0.095849
-0.106002
-0.10765
-0.094875
-0.104312
-0.109783
-0.095189
-0.105229
-0.107727
-0.095617
-0.104832
-0.10559
-0.095138
-0.103648
-0.107073
-0.091321
-0.104101
-0.109031
-0.093768
-0.101077
-0.104735
-0.092784
-0.102566
-0.106172
-0.094216
-0.101113
-0.104987
-0.093077
-0.101087
-0.10424
-0.09094
-0.100732
-0.105013
-0.090801
-0.100351
-0.101304
-0.091326
-0.099249
-0.100887
-0.089451
-0.098914
-0.100299
-0.088565
-0.098888
-0.100387
-0.088931
-0.098213
-0.099542
-0.088436
-0.095818
-0.097621
-0.086984
-0.098162
-0.099094
-0.085897
-0.09555
-0.098383
-0.081801
-0.092974
-0.095576
-0.075172
-0.084423
-0.086355
-0.065318
-0.070005
-0.070443
-0.056195
-0.059049
-0.060893
-0.052532
-0.053362
-0.054176
