-0.052264
-0.051652
-0.051775
-0.051847
-0.054236
-0.053232
-0.054236
-0.057526
-0.060023
-0.064486
-0.069387
-0.072209
-0.075189
-0.083076
-0.086696
-0.08668
-0.094315
-0.100066
-0.088451
-0.100606
-0.100864
-0.091442
-0.098825
-0.103577
-0.092632
-0.10006
-0.104889
-0.091144
-0.100122
-0.104287
-0.090438
-0.098676
-0.106923
-0.090423
-0.10197
-0.104539
-0.090917
-0.104395
-0.104931
-0.091113
-0.102048
-0.106254
-0.091983
-0.10127
-0.106305
-0.090449
-0.100138
-0.106841
-0.091823
-0.103922
-0.108159
-0.092348
-0.104786
-0.108138
-0.093476
-0.104261
-0.108483
-0.094644
-0.104339
-0.110032
-0.094732
-0.10232
-0.109291
-0.095365
-0.103474
-0.110604
-0.094145
-0.104632
-0.108694
-0.095777
-0.106691
-0.108874
-0.096874
-0.104689
-0.110187
-0.095978
-0.104524
-0.111217
-0.097038
-0.108246
-0.112437
-0.096539
-0.108262
-0.111567
-0.097388
-0.106068
-0.112282
-0.09884
-0.109059
-0.112998
-0.102351
-0.109379
-0.11359
-0.100297
-0.110228
-0.114594
-0.101095
-0.111139
-0.115011
-0.103154
-0.111634
-0.117199
-0.105075
-0.11326
-0.113878
-0.104709
-0.109569
-0.116911
-0.104853
-0.113209
-0.117405
-0.104905
-0.111819
-0.116586
-0.106866
-0.114403
-0.118414
-0.105507
-0.11552
-0.119727
-0.108915
-0.113384
-0.118192
-0.108709
-0.11463
-0.119382
-0.109322
-0.116437
-0.120854
-0.111021
-0.117245
-0.120319
-0.113595
-0.119191
-0.122162
-0.114501
-0.120324
-0.122471
-0.114218
-0.122054
-0.123073
-0.118944
-0.122594
-0.124293
-0.119382
-0.123994
-0.125441
-0.121518
-0.124859
-0.128731
-0.124149
-0.127881
-0.127001
-0.124458
-0.128973
-0.129642
-0.12853
-0.129009
-0.132432
-0.12504
-0.130008
-0.131737
-0.11532
-0.123742
-0.124643
-0.096621
-0.102223
-0.105672
-0.072487
-0.079097
-0.080713
-0.060445
-0.061238
-0.060007
